If k=3:
allPre(3,10,6):

pre_ 3 ( [5, 1, 1, 1, 1, 1] )=  [5, 5, 5, 5, 5, 5, 5, 5, 5, 5, 1, 1, 1, 1, 1, 1, 1, 1, 1, 1]
pre_ 3 ( [4, 2, 1, 1, 1, 1] )=  [8, 8, 8, 8, 4, 4, 4, 4, 4, 4, 2, 2, 2, 2, 2, 2, 1, 1, 1, 1]
pre_ 3 ( [3, 3, 1, 1, 1, 1] )=  [9, 9, 9, 9, 3, 3, 3, 3, 3, 3, 3, 3, 3, 3, 3, 3, 1, 1, 1, 1]
pre_ 3 ( [3, 2, 2, 1, 1, 1] )=  [12, 6, 6, 6, 6, 6, 6, 4, 4, 4, 3, 3, 3, 2, 2, 2, 2, 2, 2, 1]
pre_ 3 ( [2, 2, 2, 2, 1, 1] )=  [8, 8, 8, 8, 4, 4, 4, 4, 4, 4, 4, 4, 4, 4, 4, 4, 2, 2, 2, 2]


allPre(3,10,7):

pre_ 3 ( [4, 1, 1, 1, 1, 1, 1] )=  [4, 4, 4, 4, 4, 4, 4, 4, 4, 4, 4, 4, 4, 4, 4, 1, 1, 1, 1, 1, 1, 1, 1, 1, 1, 1, 1, 1, 1, 1, 1, 1, 1, 1, 1]
pre_ 3 ( [3, 2, 1, 1, 1, 1, 1] )=  [6, 6, 6, 6, 6, 3, 3, 3, 3, 3, 3, 3, 3, 3, 3, 2, 2, 2, 2, 2, 2, 2, 2, 2, 2, 1, 1, 1, 1, 1, 1, 1, 1, 1, 1]
pre_ 3 ( [2, 2, 2, 1, 1, 1, 1] )=  [8, 4, 4, 4, 4, 4, 4, 4, 4, 4, 4, 4, 4, 2, 2, 2, 2, 2, 2, 2, 2, 2, 2, 2, 2, 2, 2, 2, 2, 2, 2, 1, 1, 1, 1]

allPre(3,20,7):
pre_ 3 ( [14, 1, 1, 1, 1, 1, 1] )=  [14, 14, 14, 14, 14, 14, 14, 14, 14, 14, 14, 14, 14, 14, 14, 1, 1, 1, 1, 1, 1, 1, 1, 1, 1, 1, 1, 1, 1, 1, 1, 1, 1, 1, 1]
pre_ 3 ( [13, 2, 1, 1, 1, 1, 1] )=  [26, 26, 26, 26, 26, 13, 13, 13, 13, 13, 13, 13, 13, 13, 13, 2, 2, 2, 2, 2, 2, 2, 2, 2, 2, 1, 1, 1, 1, 1, 1, 1, 1, 1, 1]
pre_ 3 ( [12, 3, 1, 1, 1, 1, 1] )=  [36, 36, 36, 36, 36, 12, 12, 12, 12, 12, 12, 12, 12, 12, 12, 3, 3, 3, 3, 3, 3, 3, 3, 3, 3, 1, 1, 1, 1, 1, 1, 1, 1, 1, 1]
pre_ 3 ( [12, 2, 2, 1, 1, 1, 1] )=  [48, 24, 24, 24, 24, 24, 24, 24, 24, 12, 12, 12, 12, 12, 12, 4, 4, 4, 4, 2, 2, 2, 2, 2, 2, 2, 2, 2, 2, 2, 2, 1, 1, 1, 1]
pre_ 3 ( [11, 4, 1, 1, 1, 1, 1] )=  [44, 44, 44, 44, 44, 11, 11, 11, 11, 11, 11, 11, 11, 11, 11, 4, 4, 4, 4, 4, 4, 4, 4, 4, 4, 1, 1, 1, 1, 1, 1, 1, 1, 1, 1]
pre_ 3 ( [11, 3, 2, 1, 1, 1, 1] )=  [66, 33, 33, 33, 33, 22, 22, 22, 22, 11, 11, 11, 11, 11, 11, 6, 6, 6, 6, 3, 3, 3, 3, 3, 3, 2, 2, 2, 2, 2, 2, 1, 1, 1, 1]
pre_ 3 ( [11, 2, 2, 2, 1, 1, 1] )=  [44, 44, 44, 22, 22, 22, 22, 22, 22, 22, 22, 22, 11, 11, 11, 8, 4, 4, 4, 4, 4, 4, 4, 4, 4, 2, 2, 2, 2, 2, 2, 2, 2, 2, 1]
pre_ 3 ( [10, 5, 1, 1, 1, 1, 1] )=  [50, 50, 50, 50, 50, 10, 10, 10, 10, 10, 10, 10, 10, 10, 10, 5, 5, 5, 5, 5, 5, 5, 5, 5, 5, 1, 1, 1, 1, 1, 1, 1, 1, 1, 1]
pre_ 3 ( [10, 4, 2, 1, 1, 1, 1] )=  [80, 40, 40, 40, 40, 20, 20, 20, 20, 10, 10, 10, 10, 10, 10, 8, 8, 8, 8, 4, 4, 4, 4, 4, 4, 2, 2, 2, 2, 2, 2, 1, 1, 1, 1]
pre_ 3 ( [10, 3, 3, 1, 1, 1, 1] )=  [90, 30, 30, 30, 30, 30, 30, 30, 30, 10, 10, 10, 10, 10, 10, 9, 9, 9, 9, 3, 3, 3, 3, 3, 3, 3, 3, 3, 3, 3, 3, 1, 1, 1, 1]
pre_ 3 ( [10, 3, 2, 2, 1, 1, 1] )=  [60, 60, 40, 30, 30, 30, 20, 20, 20, 20, 20, 20, 12, 10, 10, 10, 6, 6, 6, 6, 6, 6, 4, 4, 4, 3, 3, 3, 2, 2, 2, 2, 2, 2, 1]
pre_ 3 ( [10, 2, 2, 2, 2, 1, 1] )=  [40, 40, 40, 40, 40, 40, 20, 20, 20, 20, 20, 20, 20, 20, 10, 8, 8, 8, 8, 4, 4, 4, 4, 4, 4, 4, 4, 4, 4, 4, 4, 2, 2, 2, 2]
pre_ 3 ( [9, 6, 1, 1, 1, 1, 1] )=  [54, 54, 54, 54, 54, 9, 9, 9, 9, 9, 9, 9, 9, 9, 9, 6, 6, 6, 6, 6, 6, 6, 6, 6, 6, 1, 1, 1, 1, 1, 1, 1, 1, 1, 1]
pre_ 3 ( [9, 5, 2, 1, 1, 1, 1] )=  [90, 45, 45, 45, 45, 18, 18, 18, 18, 10, 10, 10, 10, 9, 9, 9, 9, 9, 9, 5, 5, 5, 5, 5, 5, 2, 2, 2, 2, 2, 2, 1, 1, 1, 1]
pre_ 3 ( [9, 4, 3, 1, 1, 1, 1] )=  [108, 36, 36, 36, 36, 27, 27, 27, 27, 12, 12, 12, 12, 9, 9, 9, 9, 9, 9, 4, 4, 4, 4, 4, 4, 3, 3, 3, 3, 3, 3, 1, 1, 1, 1]
pre_ 3 ( [9, 4, 2, 2, 1, 1, 1] )=  [72, 72, 36, 36, 36, 36, 18, 18, 18, 18, 18, 18, 16, 9, 9, 9, 8, 8, 8, 8, 8, 8, 4, 4, 4, 4, 4, 4, 2, 2, 2, 2, 2, 2, 1]
pre_ 3 ( [9, 3, 3, 2, 1, 1, 1] )=  [81, 54, 54, 27, 27, 27, 27, 27, 27, 18, 18, 18, 18, 9, 9, 9, 9, 9, 9, 6, 6, 6, 6, 6, 6, 3, 3, 3, 3, 3, 3, 2, 2, 2, 1]
pre_ 3 ( [9, 3, 2, 2, 2, 1, 1] )=  [54, 54, 54, 36, 36, 36, 27, 27, 18, 18, 18, 18, 18, 18, 12, 12, 12, 9, 8, 6, 6, 6, 6, 6, 6, 4, 4, 4, 4, 4, 4, 3, 2, 2, 2]
pre_ 3 ( [9, 2, 2, 2, 2, 2, 1] )=  [36, 36, 36, 36, 36, 36, 36, 36, 36, 36, 18, 18, 18, 18, 18, 8, 8, 8, 8, 8, 8, 8, 8, 8, 8, 4, 4, 4, 4, 4, 4, 4, 4, 4, 4]
pre_ 3 ( [8, 7, 1, 1, 1, 1, 1] )=  [56, 56, 56, 56, 56, 8, 8, 8, 8, 8, 8, 8, 8, 8, 8, 7, 7, 7, 7, 7, 7, 7, 7, 7, 7, 1, 1, 1, 1, 1, 1, 1, 1, 1, 1]
pre_ 3 ( [8, 6, 2, 1, 1, 1, 1] )=  [96, 48, 48, 48, 48, 16, 16, 16, 16, 12, 12, 12, 12, 8, 8, 8, 8, 8, 8, 6, 6, 6, 6, 6, 6, 2, 2, 2, 2, 2, 2, 1, 1, 1, 1]
pre_ 3 ( [8, 5, 3, 1, 1, 1, 1] )=  [120, 40, 40, 40, 40, 24, 24, 24, 24, 15, 15, 15, 15, 8, 8, 8, 8, 8, 8, 5, 5, 5, 5, 5, 5, 3, 3, 3, 3, 3, 3, 1, 1, 1, 1]
pre_ 3 ( [8, 5, 2, 2, 1, 1, 1] )=  [80, 80, 40, 40, 40, 32, 20, 16, 16, 16, 16, 16, 16, 10, 10, 10, 10, 10, 10, 8, 8, 8, 5, 5, 5, 4, 4, 4, 2, 2, 2, 2, 2, 2, 1]
pre_ 3 ( [8, 4, 4, 1, 1, 1, 1] )=  [128, 32, 32, 32, 32, 32, 32, 32, 32, 16, 16, 16, 16, 8, 8, 8, 8, 8, 8, 4, 4, 4, 4, 4, 4, 4, 4, 4, 4, 4, 4, 1, 1, 1, 1]
pre_ 3 ( [8, 4, 3, 2, 1, 1, 1] )=  [96, 64, 48, 32, 32, 32, 24, 24, 24, 24, 16, 16, 16, 12, 12, 12, 8, 8, 8, 8, 8, 8, 6, 6, 6, 4, 4, 4, 3, 3, 3, 2, 2, 2, 1]
pre_ 3 ( [8, 4, 2, 2, 2, 1, 1] )=  [64, 64, 64, 32, 32, 32, 32, 32, 16, 16, 16, 16, 16, 16, 16, 16, 16, 8, 8, 8, 8, 8, 8, 8, 8, 4, 4, 4, 4, 4, 4, 4, 2, 2, 2]
pre_ 3 ( [8, 3, 3, 3, 1, 1, 1] )=  [72, 72, 72, 27, 24, 24, 24, 24, 24, 24, 24, 24, 24, 9, 9, 9, 9, 9, 9, 9, 9, 9, 8, 8, 8, 3, 3, 3, 3, 3, 3, 3, 3, 3, 1]
pre_ 3 ( [8, 3, 3, 2, 2, 1, 1] )=  [72, 48, 48, 48, 48, 32, 24, 24, 24, 24, 18, 18, 16, 16, 16, 16, 12, 12, 9, 9, 8, 6, 6, 6, 6, 6, 6, 6, 6, 4, 4, 3, 3, 2, 2]
pre_ 3 ( [8, 3, 2, 2, 2, 2, 1] )=  [48, 48, 48, 48, 32, 32, 32, 32, 32, 32, 24, 16, 16, 16, 16, 12, 12, 12, 12, 12, 12, 8, 8, 8, 8, 6, 6, 6, 6, 4, 4, 4, 4, 4, 4]
pre_ 3 ( [8, 2, 2, 2, 2, 2, 2] )=  [32, 32, 32, 32, 32, 32, 32, 32, 32, 32, 32, 32, 32, 32, 32, 8, 8, 8, 8, 8, 8, 8, 8, 8, 8, 8, 8, 8, 8, 8, 8, 8, 8, 8, 8]
pre_ 3 ( [7, 7, 2, 1, 1, 1, 1] )=  [98, 49, 49, 49, 49, 14, 14, 14, 14, 14, 14, 14, 14, 7, 7, 7, 7, 7, 7, 7, 7, 7, 7, 7, 7, 2, 2, 2, 2, 2, 2, 1, 1, 1, 1]
pre_ 3 ( [7, 6, 3, 1, 1, 1, 1] )=  [126, 42, 42, 42, 42, 21, 21, 21, 21, 18, 18, 18, 18, 7, 7, 7, 7, 7, 7, 6, 6, 6, 6, 6, 6, 3, 3, 3, 3, 3, 3, 1, 1, 1, 1]
pre_ 3 ( [7, 6, 2, 2, 1, 1, 1] )=  [84, 84, 42, 42, 42, 28, 24, 14, 14, 14, 14, 14, 14, 12, 12, 12, 12, 12, 12, 7, 7, 7, 6, 6, 6, 4, 4, 4, 2, 2, 2, 2, 2, 2, 1]
pre_ 3 ( [7, 5, 4, 1, 1, 1, 1] )=  [140, 35, 35, 35, 35, 28, 28, 28, 28, 20, 20, 20, 20, 7, 7, 7, 7, 7, 7, 5, 5, 5, 5, 5, 5, 4, 4, 4, 4, 4, 4, 1, 1, 1, 1]
pre_ 3 ( [7, 5, 3, 2, 1, 1, 1] )=  [105, 70, 42, 35, 35, 35, 30, 21, 21, 21, 15, 15, 15, 14, 14, 14, 10, 10, 10, 7, 7, 7, 6, 6, 6, 5, 5, 5, 3, 3, 3, 2, 2, 2, 1]
pre_ 3 ( [7, 5, 2, 2, 2, 1, 1] )=  [70, 70, 70, 35, 35, 28, 28, 28, 20, 20, 20, 14, 14, 14, 14, 14, 14, 10, 10, 10, 10, 10, 10, 8, 7, 5, 4, 4, 4, 4, 4, 4, 2, 2, 2]
pre_ 3 ( [7, 4, 4, 2, 1, 1, 1] )=  [112, 56, 56, 32, 28, 28, 28, 28, 28, 28, 16, 16, 16, 14, 14, 14, 8, 8, 8, 8, 8, 8, 7, 7, 7, 4, 4, 4, 4, 4, 4, 2, 2, 2, 1]
pre_ 3 ( [7, 4, 3, 3, 1, 1, 1] )=  [84, 84, 63, 36, 28, 28, 28, 21, 21, 21, 21, 21, 21, 12, 12, 12, 12, 12, 12, 9, 9, 9, 7, 7, 7, 4, 4, 4, 3, 3, 3, 3, 3, 3, 1]
pre_ 3 ( [7, 4, 3, 2, 2, 1, 1] )=  [84, 56, 56, 42, 42, 28, 28, 28, 24, 24, 21, 21, 16, 14, 14, 14, 14, 12, 12, 12, 8, 8, 8, 8, 7, 6, 6, 6, 6, 4, 4, 4, 3, 2, 2]
pre_ 3 ( [7, 4, 2, 2, 2, 2, 1] )=  [56, 56, 56, 56, 28, 28, 28, 28, 28, 28, 28, 16, 16, 16, 16, 16, 16, 14, 14, 14, 14, 8, 8, 8, 8, 8, 8, 8, 8, 4, 4, 4, 4, 4, 4]
pre_ 3 ( [7, 3, 3, 3, 2, 1, 1] )=  [63, 63, 63, 42, 42, 42, 27, 21, 21, 21, 21, 21, 21, 18, 18, 18, 14, 14, 9, 9, 9, 9, 9, 9, 7, 6, 6, 6, 6, 6, 6, 3, 3, 3, 2]
pre_ 3 ( [7, 3, 3, 2, 2, 2, 1] )=  [63, 42, 42, 42, 42, 42, 42, 28, 28, 28, 21, 21, 18, 18, 18, 14, 14, 14, 12, 12, 12, 12, 12, 12, 9, 8, 6, 6, 6, 6, 6, 6, 4, 4, 4]
pre_ 3 ( [7, 3, 2, 2, 2, 2, 2] )=  [42, 42, 42, 42, 42, 28, 28, 28, 28, 28, 28, 28, 28, 28, 28, 12, 12, 12, 12, 12, 12, 12, 12, 12, 12, 8, 8, 8, 8, 8, 8, 8, 8, 8, 8]
pre_ 3 ( [6, 6, 4, 1, 1, 1, 1] )=  [144, 36, 36, 36, 36, 24, 24, 24, 24, 24, 24, 24, 24, 6, 6, 6, 6, 6, 6, 6, 6, 6, 6, 6, 6, 4, 4, 4, 4, 4, 4, 1, 1, 1, 1]
pre_ 3 ( [6, 6, 3, 2, 1, 1, 1] )=  [108, 72, 36, 36, 36, 36, 36, 18, 18, 18, 18, 18, 18, 12, 12, 12, 12, 12, 12, 6, 6, 6, 6, 6, 6, 6, 6, 6, 3, 3, 3, 2, 2, 2, 1]
pre_ 3 ( [6, 6, 2, 2, 2, 1, 1] )=  [72, 72, 72, 36, 36, 24, 24, 24, 24, 24, 24, 12, 12, 12, 12, 12, 12, 12, 12, 12, 12, 12, 12, 8, 6, 6, 4, 4, 4, 4, 4, 4, 2, 2, 2]
pre_ 3 ( [6, 5, 5, 1, 1, 1, 1] )=  [150, 30, 30, 30, 30, 30, 30, 30, 30, 25, 25, 25, 25, 6, 6, 6, 6, 6, 6, 5, 5, 5, 5, 5, 5, 5, 5, 5, 5, 5, 5, 1, 1, 1, 1]
pre_ 3 ( [6, 5, 4, 2, 1, 1, 1] )=  [120, 60, 48, 40, 30, 30, 30, 24, 24, 24, 20, 20, 20, 12, 12, 12, 10, 10, 10, 8, 8, 8, 6, 6, 6, 5, 5, 5, 4, 4, 4, 2, 2, 2, 1]
pre_ 3 ( [6, 5, 3, 3, 1, 1, 1] )=  [90, 90, 54, 45, 30, 30, 30, 18, 18, 18, 18, 18, 18, 15, 15, 15, 15, 15, 15, 9, 9, 9, 6, 6, 6, 5, 5, 5, 3, 3, 3, 3, 3, 3, 1]
pre_ 3 ( [6, 5, 3, 2, 2, 1, 1] )=  [90, 60, 60, 36, 36, 30, 30, 30, 30, 24, 20, 18, 18, 15, 15, 12, 12, 12, 12, 12, 10, 10, 10, 10, 6, 6, 6, 6, 6, 5, 4, 4, 3, 2, 2]
pre_ 3 ( [6, 5, 2, 2, 2, 2, 1] )=  [60, 60, 60, 60, 30, 24, 24, 24, 24, 24, 24, 20, 20, 20, 20, 20, 20, 12, 12, 12, 12, 10, 10, 10, 10, 8, 8, 8, 8, 4, 4, 4, 4, 4, 4]
pre_ 3 ( [6, 4, 4, 3, 1, 1, 1] )=  [96, 72, 72, 48, 24, 24, 24, 24, 24, 24, 18, 18, 18, 16, 16, 16, 12, 12, 12, 12, 12, 12, 6, 6, 6, 4, 4, 4, 4, 4, 4, 3, 3, 3, 1]
pre_ 3 ( [6, 4, 4, 2, 2, 1, 1] )=  [96, 48, 48, 48, 48, 32, 32, 24, 24, 24, 24, 24, 16, 16, 16, 16, 12, 12, 12, 12, 8, 8, 8, 8, 8, 8, 8, 8, 6, 4, 4, 4, 4, 2, 2]
pre_ 3 ( [6, 4, 3, 3, 2, 1, 1] )=  [72, 72, 54, 48, 36, 36, 36, 24, 24, 24, 24, 18, 18, 18, 18, 18, 12, 12, 12, 12, 12, 12, 9, 9, 8, 8, 6, 6, 6, 6, 6, 4, 3, 3, 2]
pre_ 3 ( [6, 4, 3, 2, 2, 2, 1] )=  [72, 48, 48, 48, 36, 36, 36, 24, 24, 24, 24, 24, 24, 24, 18, 16, 16, 16, 12, 12, 12, 12, 12, 12, 12, 8, 8, 8, 8, 6, 6, 6, 4, 4, 4]
pre_ 3 ( [6, 4, 2, 2, 2, 2, 2] )=  [48, 48, 48, 48, 48, 24, 24, 24, 24, 24, 24, 24, 24, 24, 24, 16, 16, 16, 16, 16, 16, 16, 16, 16, 16, 8, 8, 8, 8, 8, 8, 8, 8, 8, 8]
pre_ 3 ( [6, 3, 3, 3, 3, 1, 1] )=  [54, 54, 54, 54, 54, 54, 27, 27, 27, 27, 18, 18, 18, 18, 18, 18, 18, 18, 9, 9, 9, 9, 9, 9, 9, 9, 9, 9, 9, 9, 6, 3, 3, 3, 3]
pre_ 3 ( [6, 3, 3, 3, 2, 2, 1] )=  [54, 54, 54, 36, 36, 36, 36, 36, 36, 27, 24, 18, 18, 18, 18, 18, 18, 18, 18, 18, 12, 12, 12, 12, 12, 9, 9, 9, 6, 6, 6, 6, 6, 6, 4]
pre_ 3 ( [6, 3, 3, 2, 2, 2, 2] )=  [54, 36, 36, 36, 36, 36, 36, 36, 36, 24, 24, 24, 24, 24, 24, 18, 18, 18, 18, 12, 12, 12, 12, 12, 12, 12, 12, 12, 12, 12, 12, 8, 8, 8, 8]
pre_ 3 ( [5, 5, 5, 2, 1, 1, 1] )=  [125, 50, 50, 50, 25, 25, 25, 25, 25, 25, 25, 25, 25, 10, 10, 10, 10, 10, 10, 10, 10, 10, 5, 5, 5, 5, 5, 5, 5, 5, 5, 2, 2, 2, 1]
pre_ 3 ( [5, 5, 4, 3, 1, 1, 1] )=  [100, 75, 60, 60, 25, 25, 25, 20, 20, 20, 20, 20, 20, 15, 15, 15, 15, 15, 15, 12, 12, 12, 5, 5, 5, 5, 5, 5, 4, 4, 4, 3, 3, 3, 1]
pre_ 3 ( [5, 5, 4, 2, 2, 1, 1] )=  [100, 50, 50, 40, 40, 40, 40, 25, 25, 20, 20, 20, 20, 20, 20, 16, 10, 10, 10, 10, 10, 10, 10, 10, 8, 8, 8, 8, 5, 5, 4, 4, 4, 2, 2]
pre_ 3 ( [5, 5, 3, 3, 2, 1, 1] )=  [75, 75, 50, 45, 45, 30, 30, 30, 30, 25, 25, 18, 15, 15, 15, 15, 15, 15, 15, 15, 10, 10, 10, 10, 9, 9, 6, 6, 6, 6, 5, 5, 3, 3, 2]
pre_ 3 ( [5, 5, 3, 2, 2, 2, 1] )=  [75, 50, 50, 50, 30, 30, 30, 30, 30, 30, 25, 20, 20, 20, 20, 20, 20, 15, 15, 12, 12, 12, 10, 10, 10, 10, 10, 10, 8, 6, 6, 6, 4, 4, 4]
pre_ 3 ( [5, 5, 2, 2, 2, 2, 2] )=  [50, 50, 50, 50, 50, 20, 20, 20, 20, 20, 20, 20, 20, 20, 20, 20, 20, 20, 20, 20, 20, 20, 20, 20, 20, 8, 8, 8, 8, 8, 8, 8, 8, 8, 8]
pre_ 3 ( [5, 4, 4, 4, 1, 1, 1] )=  [80, 80, 80, 64, 20, 20, 20, 20, 20, 20, 20, 20, 20, 16, 16, 16, 16, 16, 16, 16, 16, 16, 5, 5, 5, 4, 4, 4, 4, 4, 4, 4, 4, 4, 1]
pre_ 3 ( [5, 4, 4, 3, 2, 1, 1] )=  [80, 60, 60, 48, 40, 40, 32, 30, 24, 24, 20, 20, 20, 20, 16, 16, 15, 15, 12, 12, 12, 12, 10, 10, 8, 8, 8, 8, 6, 6, 5, 4, 4, 3, 2]
pre_ 3 ( [5, 4, 4, 2, 2, 2, 1] )=  [80, 40, 40, 40, 40, 40, 40, 32, 32, 32, 20, 20, 20, 20, 20, 16, 16, 16, 16, 16, 16, 16, 10, 10, 10, 8, 8, 8, 8, 8, 8, 8, 4, 4, 4]
pre_ 3 ( [5, 4, 3, 3, 3, 1, 1] )=  [60, 60, 60, 45, 45, 45, 36, 36, 36, 27, 20, 20, 15, 15, 15, 15, 15, 15, 12, 12, 12, 12, 12, 12, 9, 9, 9, 9, 9, 9, 5, 4, 3, 3, 3]
pre_ 3 ( [5, 4, 3, 3, 2, 2, 1] )=  [60, 60, 45, 40, 40, 36, 30, 30, 30, 30, 24, 24, 24, 24, 20, 20, 18, 18, 16, 15, 15, 12, 12, 12, 12, 10, 10, 9, 8, 8, 6, 6, 6, 6, 4]
pre_ 3 ( [5, 4, 3, 2, 2, 2, 2] )=  [60, 40, 40, 40, 40, 30, 30, 30, 30, 24, 24, 24, 24, 20, 20, 20, 20, 20, 20, 16, 16, 16, 16, 16, 16, 12, 12, 12, 12, 12, 12, 8, 8, 8, 8]
pre_ 3 ( [5, 3, 3, 3, 3, 2, 1] )=  [45, 45, 45, 45, 45, 45, 30, 30, 30, 30, 27, 27, 27, 27, 18, 18, 18, 18, 18, 18, 15, 15, 15, 15, 10, 9, 9, 9, 9, 9, 9, 6, 6, 6, 6]
pre_ 3 ( [5, 3, 3, 3, 2, 2, 2] )=  [45, 45, 45, 30, 30, 30, 30, 30, 30, 30, 30, 30, 27, 20, 20, 20, 18, 18, 18, 18, 18, 18, 18, 18, 18, 12, 12, 12, 12, 12, 12, 12, 12, 12, 8]
pre_ 3 ( [4, 4, 4, 4, 2, 1, 1] )=  [64, 64, 64, 64, 32, 32, 32, 32, 32, 32, 16, 16, 16, 16, 16, 16, 16, 16, 16, 16, 16, 16, 8, 8, 8, 8, 8, 8, 8, 8, 4, 4, 4, 4, 2]
pre_ 3 ( [4, 4, 4, 3, 3, 1, 1] )=  [64, 48, 48, 48, 48, 48, 48, 36, 36, 36, 16, 16, 16, 16, 16, 16, 12, 12, 12, 12, 12, 12, 12, 12, 12, 12, 12, 12, 9, 9, 4, 4, 4, 3, 3]
pre_ 3 ( [4, 4, 4, 3, 2, 2, 1] )=  [64, 48, 48, 48, 32, 32, 32, 32, 32, 32, 24, 24, 24, 24, 24, 24, 16, 16, 16, 16, 16, 16, 12, 12, 12, 12, 8, 8, 8, 8, 8, 8, 6, 6, 4]
pre_ 3 ( [4, 4, 4, 2, 2, 2, 2] )=  [64, 32, 32, 32, 32, 32, 32, 32, 32, 32, 32, 32, 32, 16, 16, 16, 16, 16, 16, 16, 16, 16, 16, 16, 16, 16, 16, 16, 16, 16, 16, 8, 8, 8, 8]
pre_ 3 ( [4, 4, 3, 3, 3, 2, 1] )=  [48, 48, 48, 36, 36, 36, 36, 36, 36, 32, 27, 24, 24, 24, 24, 24, 24, 18, 18, 18, 16, 12, 12, 12, 12, 12, 12, 9, 9, 9, 8, 8, 6, 6, 6]
pre_ 3 ( [4, 4, 3, 3, 2, 2, 2] )=  [48, 48, 36, 36, 32, 32, 32, 24, 24, 24, 24, 24, 24, 24, 24, 24, 24, 24, 24, 18, 18, 18, 16, 16, 16, 16, 16, 16, 12, 12, 12, 12, 12, 12, 8]
pre_ 3 ( [4, 3, 3, 3, 3, 3, 1] )=  [36, 36, 36, 36, 36, 36, 36, 36, 36, 36, 27, 27, 27, 27, 27, 27, 27, 27, 27, 27, 12, 12, 12, 12, 12, 9, 9, 9, 9, 9, 9, 9, 9, 9, 9]
pre_ 3 ( [4, 3, 3, 3, 3, 2, 2] )=  [36, 36, 36, 36, 36, 36, 27, 27, 27, 27, 24, 24, 24, 24, 24, 24, 24, 24, 18, 18, 18, 18, 18, 18, 18, 18, 18, 18, 18, 18, 16, 12, 12, 12, 12]
pre_ 3 ( [3, 3, 3, 3, 3, 3, 2] )=  [27, 27, 27, 27, 27, 27, 27, 27, 27, 27, 27, 27, 27, 27, 27, 27, 27, 27, 27, 27, 18, 18, 18, 18, 18, 18, 18, 18, 18, 18, 18, 18, 18, 18, 18]

If k=4:

allPre(4,15,7):

pre_ 4 ( [9, 1, 1, 1, 1, 1, 1] )=  [9, 9, 9, 9, 9, 9, 9, 9, 9, 9, 9, 9, 9, 9, 9, 9, 9, 9, 9, 9, 1, 1, 1, 1, 1, 1, 1, 1, 1, 1, 1, 1, 1, 1, 1]
pre_ 4 ( [8, 2, 1, 1, 1, 1, 1] )=  [16, 16, 16, 16, 16, 16, 16, 16, 16, 16, 8, 8, 8, 8, 8, 8, 8, 8, 8, 8, 2, 2, 2, 2, 2, 2, 2, 2, 2, 2, 1, 1, 1, 1, 1]
pre_ 4 ( [7, 3, 1, 1, 1, 1, 1] )=  [21, 21, 21, 21, 21, 21, 21, 21, 21, 21, 7, 7, 7, 7, 7, 7, 7, 7, 7, 7, 3, 3, 3, 3, 3, 3, 3, 3, 3, 3, 1, 1, 1, 1, 1]
pre_ 4 ( [7, 2, 2, 1, 1, 1, 1] )=  [28, 28, 28, 28, 14, 14, 14, 14, 14, 14, 14, 14, 14, 14, 14, 14, 7, 7, 7, 7, 4, 4, 4, 4, 4, 4, 2, 2, 2, 2, 2, 2, 2, 2, 1]
pre_ 4 ( [6, 4, 1, 1, 1, 1, 1] )=  [24, 24, 24, 24, 24, 24, 24, 24, 24, 24, 6, 6, 6, 6, 6, 6, 6, 6, 6, 6, 4, 4, 4, 4, 4, 4, 4, 4, 4, 4, 1, 1, 1, 1, 1]
pre_ 4 ( [6, 3, 2, 1, 1, 1, 1] )=  [36, 36, 36, 36, 18, 18, 18, 18, 18, 18, 12, 12, 12, 12, 12, 12, 6, 6, 6, 6, 6, 6, 6, 6, 6, 6, 3, 3, 3, 3, 2, 2, 2, 2, 1]
pre_ 4 ( [6, 2, 2, 2, 1, 1, 1] )=  [48, 24, 24, 24, 24, 24, 24, 24, 24, 24, 12, 12, 12, 12, 12, 12, 12, 12, 12, 8, 8, 8, 6, 4, 4, 4, 4, 4, 4, 4, 4, 4, 2, 2, 2]
pre_ 4 ( [5, 5, 1, 1, 1, 1, 1] )=  [25, 25, 25, 25, 25, 25, 25, 25, 25, 25, 5, 5, 5, 5, 5, 5, 5, 5, 5, 5, 5, 5, 5, 5, 5, 5, 5, 5, 5, 5, 1, 1, 1, 1, 1]
pre_ 4 ( [5, 4, 2, 1, 1, 1, 1] )=  [40, 40, 40, 40, 20, 20, 20, 20, 20, 20, 10, 10, 10, 10, 10, 10, 8, 8, 8, 8, 8, 8, 5, 5, 5, 5, 4, 4, 4, 4, 2, 2, 2, 2, 1]
pre_ 4 ( [5, 3, 3, 1, 1, 1, 1] )=  [45, 45, 45, 45, 15, 15, 15, 15, 15, 15, 15, 15, 15, 15, 15, 15, 9, 9, 9, 9, 9, 9, 5, 5, 5, 5, 3, 3, 3, 3, 3, 3, 3, 3, 1]
pre_ 4 ( [5, 3, 2, 2, 1, 1, 1] )=  [60, 30, 30, 30, 30, 30, 30, 20, 20, 20, 15, 15, 15, 12, 12, 12, 10, 10, 10, 10, 10, 10, 6, 6, 6, 6, 6, 6, 5, 4, 4, 4, 3, 2, 2]
pre_ 4 ( [5, 2, 2, 2, 2, 1, 1] )=  [40, 40, 40, 40, 20, 20, 20, 20, 20, 20, 20, 20, 20, 20, 20, 20, 16, 10, 10, 10, 10, 8, 8, 8, 8, 8, 8, 8, 8, 4, 4, 4, 4, 4, 4]
pre_ 4 ( [4, 4, 3, 1, 1, 1, 1] )=  [48, 48, 48, 48, 16, 16, 16, 16, 16, 16, 12, 12, 12, 12, 12, 12, 12, 12, 12, 12, 12, 12, 4, 4, 4, 4, 4, 4, 4, 4, 3, 3, 3, 3, 1]
pre_ 4 ( [4, 4, 2, 2, 1, 1, 1] )=  [64, 32, 32, 32, 32, 32, 32, 16, 16, 16, 16, 16, 16, 16, 16, 16, 8, 8, 8, 8, 8, 8, 8, 8, 8, 8, 8, 8, 4, 4, 4, 4, 4, 2, 2]
pre_ 4 ( [4, 3, 3, 2, 1, 1, 1] )=  [72, 36, 36, 36, 24, 24, 24, 24, 24, 24, 18, 18, 18, 12, 12, 12, 12, 12, 12, 9, 9, 9, 8, 8, 8, 6, 6, 6, 6, 6, 6, 4, 3, 3, 2]
pre_ 4 ( [4, 3, 2, 2, 2, 1, 1] )=  [48, 48, 48, 32, 24, 24, 24, 24, 24, 24, 24, 16, 16, 16, 16, 16, 16, 12, 12, 12, 12, 12, 12, 12, 8, 8, 8, 8, 8, 6, 6, 6, 4, 4, 4]
pre_ 4 ( [4, 2, 2, 2, 2, 2, 1] )=  [32, 32, 32, 32, 32, 32, 32, 32, 32, 32, 16, 16, 16, 16, 16, 16, 16, 16, 16, 16, 16, 16, 16, 16, 16, 8, 8, 8, 8, 8, 8, 8, 8, 8, 8]
pre_ 4 ( [3, 3, 3, 3, 1, 1, 1] )=  [81, 27, 27, 27, 27, 27, 27, 27, 27, 27, 27, 27, 27, 9, 9, 9, 9, 9, 9, 9, 9, 9, 9, 9, 9, 9, 9, 9, 9, 9, 9, 3, 3, 3, 3]
pre_ 4 ( [3, 3, 3, 2, 2, 1, 1] )=  [54, 54, 36, 36, 36, 27, 27, 18, 18, 18, 18, 18, 18, 18, 18, 18, 18, 18, 18, 12, 12, 12, 12, 12, 12, 9, 9, 9, 6, 6, 6, 6, 6, 6, 4]
pre_ 4 ( [3, 3, 2, 2, 2, 2, 1] )=  [36, 36, 36, 36, 36, 36, 24, 24, 24, 24, 24, 24, 24, 24, 18, 18, 18, 18, 16, 12, 12, 12, 12, 12, 12, 12, 12, 12, 12, 12, 12, 8, 8, 8, 8]
pre_ 4 ( [3, 2, 2, 2, 2, 2, 2] )=  [24, 24, 24, 24, 24, 24, 24, 24, 24, 24, 24, 24, 24, 24, 24, 24, 24, 24, 24, 24, 16, 16, 16, 16, 16, 16, 16, 16, 16, 16, 16, 16, 16, 16, 16]

